==== 1. LABOUR MARKET (T-001) ====
  yr      n  emp_rate  searching  contract_base  no_contract  emp_female  emp_male
2021 472456      67.6        3.7      229,313.0          3.5        64.4      71.5
2022 467667      67.2        3.6      228,083.0          3.5        63.1      71.9
2023 475635      66.4        3.6      229,021.0          3.0        62.5      70.9
2024 469352      65.9        3.5      228,016.0          5.2        62.7      69.6

-- employment rate by region and year (pivot, %)
yr   2021  2022  2023  2024  change
reg                                
63   69.4  65.3  63.3  64.3    -5.1
59   73.1  73.4  71.6  69.5    -3.6
61   64.4  62.3  63.0  61.3    -3.1
11   71.0  71.8  71.2  68.7    -2.3
55   74.2  73.2  71.8  71.9    -2.3
39   71.4  72.5  70.7  69.2    -2.2
43   60.6  60.2  61.3  58.6    -2.0
79   63.9  61.9  64.7  61.9    -2.0
19   66.6  67.4  65.6  64.7    -1.9
35   67.3  65.6  65.5  65.5    -1.8
75   63.7  59.2  61.5  61.9    -1.8
47   63.5  66.8  67.3  62.3    -1.2
27   68.1  70.0  67.7  67.3    -0.8
15   67.1  66.5  65.2  67.4     0.3
23   68.5  67.8  67.7  70.3     1.8
31   63.1  62.5  63.4  66.4     3.3
71   61.9  66.5  66.1  68.2     6.3
10    NaN  66.1  66.0  67.1     NaN
33    NaN  66.3  62.7  60.6     NaN
62    NaN  67.8  62.4  64.2     NaN

-- no-contract rate by region (%), base = respondents with the variable filled
yr   2021  2022  2023  2024
reg                        
19    6.3   5.4   4.8  40.7
61    8.0  16.8  15.3  12.9
31   16.5  12.9   9.6  10.2
47    1.2   1.2   1.6   4.3
10    NaN   2.1   1.6   3.2
33    NaN   2.7   2.1   3.1
43    5.1   6.0   2.2   3.0
63    2.0   1.9   1.5   2.8
62    NaN   1.9   1.3   2.6
35    2.1   1.2   1.5   2.2
23    3.3   2.2   1.4   2.1
75    1.8   1.1   1.2   2.0
27    3.4   3.0   3.3   1.9
55    1.8   3.2   2.7   1.7
59    2.2   1.6   1.9   1.3
11    1.5   1.6   1.7   1.3
39    1.9   1.9   1.8   1.2
71    0.6   1.9   1.1   1.1
15    1.1   1.1   1.3   1.0
79    0.7   1.2   1.2   1.0

-- education (DH_OBRAZOV) x employment, 2024
 edu      n  emp_rate
   1   1163       7.0
   2  15343       8.6
   3  71887      32.3
   4  19749      64.8
   5 166871      65.9
   6  62773      85.4
   7 130764      82.3
   8    453      83.9
   9    349      27.5

==== 2. HOUSEHOLD INCOME (D-004 q11) ====
  yr    hh       wage_inc          col4       col22  wage_per_hh_month
2021 11930 20,287,534,441 6,955,191,084 466,173,477            141,712
2022 11925 25,332,572,028 6,938,851,209 498,895,675            177,027
2023 11965 30,754,206,481 7,398,504,931 565,851,655            214,196
2024 11948 34,371,284,235 8,258,324,597 592,842,472            239,728

==== 3. HOUSEHOLD SPENDING (D-004 q1..q7, all quarters) ====
        q1    q2    q3    q4    q5    q6    q7  total
yr                                                   
2021  6.54  1.86  1.03  0.34  0.40  1.74  0.59  12.49
2022  7.84  2.04  1.16  0.50  0.44  2.10  0.73  14.81
2023  8.66  2.25  1.32  0.63  0.54  2.55  0.83  16.77
2024  8.94  2.51  1.48  0.66  0.54  2.84  0.92  17.88
growth 2021->2024, %: {'q1': 36.6, 'q2': 35.1, 'q3': 44.1, 'q4': 92.6, 'q5': 36.7, 'q6': 63.0, 'q7': 56.0, 'total': 43.1}

==== 4. HOUSING (D-006) ====
  yr    hh  area  rooms  amenities_of_42
2021 11636  69.9    2.9             12.0
2022 11744  72.0    2.9             12.2
2023 11659  71.3    2.9             12.5
2024 11704  73.0    2.9             12.4

==== 5. DATA COMPLETENESS BY FORM-YEAR (share of non-null cells, %) ====
                    table    rows  cols  filled_pct
      d006__2023__rio2023   11659   247        32.9
      d006__2022__rio2022   11744   247        33.2
     d006__2024__rio_2024   11704   247        33.5
          d006__2021__rio   11636   247        33.8
      1t_god__2021_1t_god 7721951    16        42.0
       d002__2024__ocenka   11931    97        45.0
       d002__2023__ocenka   11953    98        45.3
      1t_god__2022_1t_god 8285961    18        48.3
      1t_god__2023_1t_god 8574325    19        51.0
      d008__2023__kontr_k   42689    31        57.1
      d008__2021__kontr_k   41868    29        57.1
      d008__2024__kontr_k   41821    35        59.2
      d008__2022__kontr_k   42681    31        59.8
       d002__2022__ocenka   11934    63        61.2
d004__2023__1kv__kv_vopr9   50314    19        64.5
...
                     table  rows  cols  filled_pct
 d004__2023__1kv__kv_vopr7 15573     8       100.0
 d004__2023__1kv__kv_vopr5  4398     8       100.0
 d004__2024__1kv__kv_vopr0 12000     6       100.0
d004__2024__1kv__kv_vopr11 24535    33       100.0
 d004__2024__1kv__kv_vopr7 16355     8       100.0
 d004__2024__1kv__kv_vopr5  4511     8       100.0
 d004__2024__1kv__kv_vopr3 26191     8       100.0
 d004__2024__1kv__kv_vopr4  2843     8       100.0
